17 2146 938 1557 4896 6827 1318 4430 5842 4783 1350 418 3680 8721 9378 9472 2307 9335
4 3 3 5 7
47 157 1027 7197 9049 7347 5791 2311 2247 3767 9641 6136 7045 3169 8230 6260 5535 4325 3422 9613 3998 1733 3748 5836 3744 5665 1074 9588 5548 6511 2204 2050 4220 7809 9697 3470 6806 1654 9673 4830 1210 4577 5419 4139 9701 8199 950 6855
9 7735 7707 7900 7747 2182 6351 6858 1724 99
10 4317 7342 1446 7315 9854 8070 663 4687 6836 9922
52 2488 1468 6859 381 9853 4080 8000 6960 6643 9409 8864 733 3869 5754 4521 2731 4216 4978 13 7681 3010 4328 5442 3795 4876 2870 6561 1867 8630 1756 864 3086 1585 9043 9775 105 3187 8784 8953 5315 6165 3366 9619 1662 630 3555 7943 5287 1238 4495 9839 7163
78 2982 8576 3058 4658 7918 8111 7340 7035 44 2046 8282 6937 5729 1321 8164 1740 127 9791 4495 7672 3978 422 4011 8265 694 4885 4478 553 4670 1169 9020 9523 5322 9891 7639 446 5393 1651 19 3129 2064 6625 9967 4965 4932 2274 1485 479 7523 8492 3321 9773 1245 6953 8300 7118 4704 1876 2034 8001 9886 4745 9539 2949 9931 1419 6397 6097 8423 3871 490 9489 9432 1521 4049 2933 3036 1779
3 4749 2860 3067
66 9860 3539 4513 4210 9829 2339 7697 5763 7356 6228 5341 9252 9289 1140 3573 9573 526 5549 1676 1342 525 7003 3755 7095 3443 3735 9300 4827 4298 7037 3838 326 1486 6622 9170 6717 9669 50 1447 3380 4715 2229 9990 8171 2483 5740 2088 8497 9777 4397 7795 6355 710 3489 7679 7880 3143 6880 1104 223 8239 8058 8197 34 5741 6979
3 20 30 40
4 3 3 5 7
3 20 30 40
